solver_type MCSVM_CS
nr_class 17
label 0 1 2 3 4 5 6 7 8 9 10 11 12 13 14 15 16
nr_feature 63
bias -1
w
0.9411764705882353 -0.05882352941176472 -0.05882352941176472 -0.05882352941176472 -0.05882352941176472 -0.05882352941176472 -0.05882352941176472 -0.05882352941176472 -0.05882352941176472 -0.05882352941176472 -0.05882352941176472 -0.05882352941176472 -0.05882352941176472 -0.05882352941176472 -0.05882352941176472 -0.05882352941176472 -0.05882352941176472 
-0.05882352941176472 0.9411764705882353 -0.05882352941176472 -0.05882352941176472 -0.05882352941176472 -0.05882352941176472 -0.05882352941176472 -0.05882352941176472 -0.05882352941176472 -0.05882352941176472 -0.05882352941176472 -0.05882352941176472 -0.05882352941176472 -0.05882352941176472 -0.05882352941176472 -0.05882352941176472 -0.05882352941176472 
-0.05882352941176472 0.9411764705882353 -0.05882352941176472 -0.05882352941176472 -0.05882352941176472 -0.05882352941176472 -0.05882352941176472 -0.05882352941176472 -0.05882352941176472 -0.05882352941176472 -0.05882352941176472 -0.05882352941176472 -0.05882352941176472 -0.05882352941176472 -0.05882352941176472 -0.05882352941176472 -0.05882352941176472 
-0.02676744191810235 -0.02676744191810235 0.5773502691896258 -0.02676744191810235 -0.02676744191810235 -0.02676744191810235 -0.02676744191810235 -0.02676744191810235 -0.02676744191810235 -0.02676744191810235 -0.02676744191810235 -0.02676744191810235 -0.02676744191810235 -0.02676744191810235 -0.02676744191810235 -0.02676744191810235 -0.1758386404180884 
-0.04716682024800298 -0.04716682024800298 0.4361273486381794 -0.04716682024800298 -0.04716682024800298 -0.04716682024800298 -0.04716682024800298 -0.04716682024800298 -0.04716682024800298 -0.04716682024800298 -0.04716682024800298 -0.04716682024800298 -0.04716682024800298 -0.04716682024800298 -0.04716682024800298 -0.04716682024800298 0.2713749550818695 
-0.02676744191810235 -0.02676744191810235 0.5773502691896258 -0.02676744191810235 -0.02676744191810235 -0.02676744191810235 -0.02676744191810235 -0.02676744191810235 -0.02676744191810235 -0.02676744191810235 -0.02676744191810235 -0.02676744191810235 -0.02676744191810235 -0.02676744191810235 -0.02676744191810235 -0.02676744191810235 -0.1758386404180884 
-0.05882352941176472 -0.05882352941176472 0.9411764705882353 -0.05882352941176472 -0.05882352941176472 -0.05882352941176472 -0.05882352941176472 -0.05882352941176472 -0.05882352941176472 -0.05882352941176472 -0.05882352941176472 -0.05882352941176472 -0.05882352941176472 -0.05882352941176472 -0.05882352941176472 -0.05882352941176472 -0.05882352941176472 
-0.05882352941176472 -0.05882352941176472 0.9411764705882353 -0.05882352941176472 -0.05882352941176472 -0.05882352941176472 -0.05882352941176472 -0.05882352941176472 -0.05882352941176472 -0.05882352941176472 -0.05882352941176472 -0.05882352941176472 -0.05882352941176472 -0.05882352941176472 -0.05882352941176472 -0.05882352941176472 -0.05882352941176472 
-0.05882352941176472 -0.05882352941176472 0.9411764705882353 -0.05882352941176472 -0.05882352941176472 -0.05882352941176472 -0.05882352941176472 -0.05882352941176472 -0.05882352941176472 -0.05882352941176472 -0.05882352941176472 -0.05882352941176472 -0.05882352941176472 -0.05882352941176472 -0.05882352941176472 -0.05882352941176472 -0.05882352941176472 
-0.05882352941176472 -0.05882352941176472 0.9411764705882353 -0.05882352941176472 -0.05882352941176472 -0.05882352941176472 -0.05882352941176472 -0.05882352941176472 -0.05882352941176472 -0.05882352941176472 -0.05882352941176472 -0.05882352941176472 -0.05882352941176472 -0.05882352941176472 -0.05882352941176472 -0.05882352941176472 -0.05882352941176472 
-0.05882352941176472 -0.05882352941176472 0.9411764705882353 -0.05882352941176472 -0.05882352941176472 -0.05882352941176472 -0.05882352941176472 -0.05882352941176472 -0.05882352941176472 -0.05882352941176472 -0.05882352941176472 -0.05882352941176472 -0.05882352941176472 -0.05882352941176472 -0.05882352941176472 -0.05882352941176472 -0.05882352941176472 
-0.05882352941176472 -0.05882352941176472 0.9411764705882353 -0.05882352941176472 -0.05882352941176472 -0.05882352941176472 -0.05882352941176472 -0.05882352941176472 -0.05882352941176472 -0.05882352941176472 -0.05882352941176472 -0.05882352941176472 -0.05882352941176472 -0.05882352941176472 -0.05882352941176472 -0.05882352941176472 -0.05882352941176472 
-0.05882352941176472 -0.05882352941176472 0.9411764705882353 -0.05882352941176472 -0.05882352941176472 -0.05882352941176472 -0.05882352941176472 -0.05882352941176472 -0.05882352941176472 -0.05882352941176472 -0.05882352941176472 -0.05882352941176472 -0.05882352941176472 -0.05882352941176472 -0.05882352941176472 -0.05882352941176472 -0.05882352941176472 
-0.05882352941176472 -0.05882352941176472 0.9411764705882353 -0.05882352941176472 -0.05882352941176472 -0.05882352941176472 -0.05882352941176472 -0.05882352941176472 -0.05882352941176472 -0.05882352941176472 -0.05882352941176472 -0.05882352941176472 -0.05882352941176472 -0.05882352941176472 -0.05882352941176472 -0.05882352941176472 -0.05882352941176472 
-0.05882352941176472 -0.05882352941176472 -0.05882352941176472 0.9411764705882353 -0.05882352941176472 -0.05882352941176472 -0.05882352941176472 -0.05882352941176472 -0.05882352941176472 -0.05882352941176472 -0.05882352941176472 -0.05882352941176472 -0.05882352941176472 -0.05882352941176472 -0.05882352941176472 -0.05882352941176472 -0.05882352941176472 
-0.05882352941176472 -0.05882352941176472 -0.05882352941176472 0.9411764705882353 -0.05882352941176472 -0.05882352941176472 -0.05882352941176472 -0.05882352941176472 -0.05882352941176472 -0.05882352941176472 -0.05882352941176472 -0.05882352941176472 -0.05882352941176472 -0.05882352941176472 -0.05882352941176472 -0.05882352941176472 -0.05882352941176472 
-0.03396178054056623 -0.03396178054056623 -0.03396178054056623 0.5433884886490595 -0.03396178054056623 -0.03396178054056623 -0.03396178054056623 -0.03396178054056623 -0.03396178054056623 -0.03396178054056623 -0.03396178054056623 -0.03396178054056623 -0.03396178054056623 -0.03396178054056623 -0.03396178054056623 -0.03396178054056623 -0.03396178054056623 
-0.03396178054056623 -0.03396178054056623 -0.03396178054056623 0.5433884886490595 -0.03396178054056623 -0.03396178054056623 -0.03396178054056623 -0.03396178054056623 -0.03396178054056623 -0.03396178054056623 -0.03396178054056623 -0.03396178054056623 -0.03396178054056623 -0.03396178054056623 -0.03396178054056623 -0.03396178054056623 -0.03396178054056623 
-0.03396178054056623 -0.03396178054056623 -0.03396178054056623 0.5433884886490595 -0.03396178054056623 -0.03396178054056623 -0.03396178054056623 -0.03396178054056623 -0.03396178054056623 -0.03396178054056623 -0.03396178054056623 -0.03396178054056623 -0.03396178054056623 -0.03396178054056623 -0.03396178054056623 -0.03396178054056623 -0.03396178054056623 
-0.05882352941176472 -0.05882352941176472 -0.05882352941176472 0.9411764705882353 -0.05882352941176472 -0.05882352941176472 -0.05882352941176472 -0.05882352941176472 -0.05882352941176472 -0.05882352941176472 -0.05882352941176472 -0.05882352941176472 -0.05882352941176472 -0.05882352941176472 -0.05882352941176472 -0.05882352941176472 -0.05882352941176472 
-0.05882352941176472 -0.05882352941176472 -0.05882352941176472 0.9411764705882353 -0.05882352941176472 -0.05882352941176472 -0.05882352941176472 -0.05882352941176472 -0.05882352941176472 -0.05882352941176472 -0.05882352941176472 -0.05882352941176472 -0.05882352941176472 -0.05882352941176472 -0.05882352941176472 -0.05882352941176472 -0.05882352941176472 
-0.05882352941176472 -0.05882352941176472 -0.05882352941176472 -0.05882352941176472 0.9411764705882353 -0.05882352941176472 -0.05882352941176472 -0.05882352941176472 -0.05882352941176472 -0.05882352941176472 -0.05882352941176472 -0.05882352941176472 -0.05882352941176472 -0.05882352941176472 -0.05882352941176472 -0.05882352941176472 -0.05882352941176472 
-0.05073303019022866 -0.05073303019022866 -0.05073303019022866 -0.05073303019022866 -0.05073303019022866 0.8117284830436567 -0.05073303019022866 -0.05073303019022866 -0.05073303019022866 -0.05073303019022866 -0.05073303019022866 -0.05073303019022866 -0.05073303019022866 -0.05073303019022866 -0.05073303019022866 -0.05073303019022866 -0.05073303019022866 
-0.02515687447449364 -0.02515687447449364 -0.02515687447449364 -0.02515687447449364 -0.02515687447449364 0.4025099915918958 -0.02515687447449364 -0.02515687447449364 -0.02515687447449364 -0.02515687447449364 -0.02515687447449364 -0.02515687447449364 -0.02515687447449364 -0.02515687447449364 -0.02515687447449364 -0.02515687447449364 -0.02515687447449364 
-0.02515687447449364 -0.02515687447449364 -0.02515687447449364 -0.02515687447449364 -0.02515687447449364 0.4025099915918958 -0.02515687447449364 -0.02515687447449364 -0.02515687447449364 -0.02515687447449364 -0.02515687447449364 -0.02515687447449364 -0.02515687447449364 -0.02515687447449364 -0.02515687447449364 -0.02515687447449364 -0.02515687447449364 
-0.05882352941176472 -0.05882352941176472 -0.05882352941176472 -0.05882352941176472 -0.05882352941176472 0.9411764705882353 -0.05882352941176472 -0.05882352941176472 -0.05882352941176472 -0.05882352941176472 -0.05882352941176472 -0.05882352941176472 -0.05882352941176472 -0.05882352941176472 -0.05882352941176472 -0.05882352941176472 -0.05882352941176472 
-0.05882352941176472 -0.05882352941176472 -0.05882352941176472 -0.05882352941176472 -0.05882352941176472 0.9411764705882353 -0.05882352941176472 -0.05882352941176472 -0.05882352941176472 -0.05882352941176472 -0.05882352941176472 -0.05882352941176472 -0.05882352941176472 -0.05882352941176472 -0.05882352941176472 -0.05882352941176472 -0.05882352941176472 
-0.02557615571573502 -0.02557615571573502 -0.02557615571573502 -0.02557615571573502 -0.02557615571573502 0.4092184914517609 -0.02557615571573502 -0.02557615571573502 -0.02557615571573502 -0.02557615571573502 -0.02557615571573502 -0.02557615571573502 -0.02557615571573502 -0.02557615571573502 -0.02557615571573502 -0.02557615571573502 -0.02557615571573502 
-0.02557615571573502 -0.02557615571573502 -0.02557615571573502 -0.02557615571573502 -0.02557615571573502 0.4092184914517609 -0.02557615571573502 -0.02557615571573502 -0.02557615571573502 -0.02557615571573502 -0.02557615571573502 -0.02557615571573502 -0.02557615571573502 -0.02557615571573502 -0.02557615571573502 -0.02557615571573502 -0.02557615571573502 
-0.03396178054056623 -0.03396178054056623 -0.03396178054056623 -0.03396178054056623 -0.03396178054056623 -0.03396178054056623 0.5433884886490595 -0.03396178054056623 -0.03396178054056623 -0.03396178054056623 -0.03396178054056623 -0.03396178054056623 -0.03396178054056623 -0.03396178054056623 -0.03396178054056623 -0.03396178054056623 -0.03396178054056623 
-0.03396178054056623 -0.03396178054056623 -0.03396178054056623 -0.03396178054056623 -0.03396178054056623 -0.03396178054056623 0.5433884886490595 -0.03396178054056623 -0.03396178054056623 -0.03396178054056623 -0.03396178054056623 -0.03396178054056623 -0.03396178054056623 -0.03396178054056623 -0.03396178054056623 -0.03396178054056623 -0.03396178054056623 
-0.03396178054056623 -0.03396178054056623 -0.03396178054056623 -0.03396178054056623 -0.03396178054056623 -0.03396178054056623 0.5433884886490595 -0.03396178054056623 -0.03396178054056623 -0.03396178054056623 -0.03396178054056623 -0.03396178054056623 -0.03396178054056623 -0.03396178054056623 -0.03396178054056623 -0.03396178054056623 -0.03396178054056623 
-0.05882352941176472 -0.05882352941176472 -0.05882352941176472 -0.05882352941176472 -0.05882352941176472 -0.05882352941176472 -0.05882352941176472 0.9411764705882353 -0.05882352941176472 -0.05882352941176472 -0.05882352941176472 -0.05882352941176472 -0.05882352941176472 -0.05882352941176472 -0.05882352941176472 -0.05882352941176472 -0.05882352941176472 
-0.05882352941176472 -0.05882352941176472 -0.05882352941176472 -0.05882352941176472 -0.05882352941176472 -0.05882352941176472 -0.05882352941176472 -0.05882352941176472 0.9411764705882353 -0.05882352941176472 -0.05882352941176472 -0.05882352941176472 -0.05882352941176472 -0.05882352941176472 -0.05882352941176472 -0.05882352941176472 -0.05882352941176472 
-0.03396178054056623 -0.03396178054056623 -0.03396178054056623 -0.03396178054056623 -0.03396178054056623 -0.03396178054056623 -0.03396178054056623 -0.03396178054056623 0.5433884886490595 -0.03396178054056623 -0.03396178054056623 -0.03396178054056623 -0.03396178054056623 -0.03396178054056623 -0.03396178054056623 -0.03396178054056623 -0.03396178054056623 
-0.03396178054056623 -0.03396178054056623 -0.03396178054056623 -0.03396178054056623 -0.03396178054056623 -0.03396178054056623 -0.03396178054056623 -0.03396178054056623 0.5433884886490595 -0.03396178054056623 -0.03396178054056623 -0.03396178054056623 -0.03396178054056623 -0.03396178054056623 -0.03396178054056623 -0.03396178054056623 -0.03396178054056623 
-0.03396178054056623 -0.03396178054056623 -0.03396178054056623 -0.03396178054056623 -0.03396178054056623 -0.03396178054056623 -0.03396178054056623 -0.03396178054056623 0.5433884886490595 -0.03396178054056623 -0.03396178054056623 -0.03396178054056623 -0.03396178054056623 -0.03396178054056623 -0.03396178054056623 -0.03396178054056623 -0.03396178054056623 
-0.05882352941176472 -0.05882352941176472 -0.05882352941176472 -0.05882352941176472 -0.05882352941176472 -0.05882352941176472 -0.05882352941176472 -0.05882352941176472 -0.05882352941176472 0.9411764705882353 -0.05882352941176472 -0.05882352941176472 -0.05882352941176472 -0.05882352941176472 -0.05882352941176472 -0.05882352941176472 -0.05882352941176472 
-0.05882352941176472 -0.05882352941176472 -0.05882352941176472 -0.05882352941176472 -0.05882352941176472 -0.05882352941176472 -0.05882352941176472 -0.05882352941176472 -0.05882352941176472 0.9411764705882353 -0.05882352941176472 -0.05882352941176472 -0.05882352941176472 -0.05882352941176472 -0.05882352941176472 -0.05882352941176472 -0.05882352941176472 
-0.05882352941176472 -0.05882352941176472 -0.05882352941176472 -0.05882352941176472 -0.05882352941176472 -0.05882352941176472 -0.05882352941176472 -0.05882352941176472 -0.05882352941176472 0.9411764705882353 -0.05882352941176472 -0.05882352941176472 -0.05882352941176472 -0.05882352941176472 -0.05882352941176472 -0.05882352941176472 -0.05882352941176472 
-0.05882352941176472 -0.05882352941176472 -0.05882352941176472 -0.05882352941176472 -0.05882352941176472 -0.05882352941176472 -0.05882352941176472 -0.05882352941176472 -0.05882352941176472 -0.05882352941176472 0.9411764705882353 -0.05882352941176472 -0.05882352941176472 -0.05882352941176472 -0.05882352941176472 -0.05882352941176472 -0.05882352941176472 
-0.05882352941176472 -0.05882352941176472 -0.05882352941176472 -0.05882352941176472 -0.05882352941176472 -0.05882352941176472 -0.05882352941176472 -0.05882352941176472 -0.05882352941176472 -0.05882352941176472 0.9411764705882353 -0.05882352941176472 -0.05882352941176472 -0.05882352941176472 -0.05882352941176472 -0.05882352941176472 -0.05882352941176472 
-0.05882352941176472 -0.05882352941176472 -0.05882352941176472 -0.05882352941176472 -0.05882352941176472 -0.05882352941176472 -0.05882352941176472 -0.05882352941176472 -0.05882352941176472 -0.05882352941176472 0.9411764705882353 -0.05882352941176472 -0.05882352941176472 -0.05882352941176472 -0.05882352941176472 -0.05882352941176472 -0.05882352941176472 
-0.05882352941176472 -0.05882352941176472 -0.05882352941176472 -0.05882352941176472 -0.05882352941176472 -0.05882352941176472 -0.05882352941176472 -0.05882352941176472 -0.05882352941176472 -0.05882352941176472 0.9411764705882353 -0.05882352941176472 -0.05882352941176472 -0.05882352941176472 -0.05882352941176472 -0.05882352941176472 -0.05882352941176472 
-0.05882352941176472 -0.05882352941176472 -0.05882352941176472 -0.05882352941176472 -0.05882352941176472 -0.05882352941176472 -0.05882352941176472 -0.05882352941176472 -0.05882352941176472 -0.05882352941176472 0.9411764705882353 -0.05882352941176472 -0.05882352941176472 -0.05882352941176472 -0.05882352941176472 -0.05882352941176472 -0.05882352941176472 
-0.05882352941176472 -0.05882352941176472 -0.05882352941176472 -0.05882352941176472 -0.05882352941176472 -0.05882352941176472 -0.05882352941176472 -0.05882352941176472 -0.05882352941176472 -0.05882352941176472 -0.05882352941176472 0.9411764705882353 -0.05882352941176472 -0.05882352941176472 -0.05882352941176472 -0.05882352941176472 -0.05882352941176472 
-0.05882352941176472 -0.05882352941176472 -0.05882352941176472 -0.05882352941176472 -0.05882352941176472 -0.05882352941176472 -0.05882352941176472 -0.05882352941176472 -0.05882352941176472 -0.05882352941176472 -0.05882352941176472 -0.05882352941176472 0.9411764705882353 -0.05882352941176472 -0.05882352941176472 -0.05882352941176472 -0.05882352941176472 
-0.05882352941176472 -0.05882352941176472 -0.05882352941176472 -0.05882352941176472 -0.05882352941176472 -0.05882352941176472 -0.05882352941176472 -0.05882352941176472 -0.05882352941176472 -0.05882352941176472 -0.05882352941176472 -0.05882352941176472 0.9411764705882353 -0.05882352941176472 -0.05882352941176472 -0.05882352941176472 -0.05882352941176472 
-0.05882352941176472 -0.05882352941176472 -0.05882352941176472 -0.05882352941176472 -0.05882352941176472 -0.05882352941176472 -0.05882352941176472 -0.05882352941176472 -0.05882352941176472 -0.05882352941176472 -0.05882352941176472 -0.05882352941176472 0.9411764705882353 -0.05882352941176472 -0.05882352941176472 -0.05882352941176472 -0.05882352941176472 
-0.05882352941176472 -0.05882352941176472 -0.05882352941176472 -0.05882352941176472 -0.05882352941176472 -0.05882352941176472 -0.05882352941176472 -0.05882352941176472 -0.05882352941176472 -0.05882352941176472 -0.05882352941176472 -0.05882352941176472 0.9411764705882353 -0.05882352941176472 -0.05882352941176472 -0.05882352941176472 -0.05882352941176472 
-0.05882352941176472 -0.05882352941176472 -0.05882352941176472 -0.05882352941176472 -0.05882352941176472 -0.05882352941176472 -0.05882352941176472 -0.05882352941176472 -0.05882352941176472 -0.05882352941176472 -0.05882352941176472 -0.05882352941176472 -0.05882352941176472 0.9411764705882353 -0.05882352941176472 -0.05882352941176472 -0.05882352941176472 
-0.05882352941176472 -0.05882352941176472 -0.05882352941176472 -0.05882352941176472 -0.05882352941176472 -0.05882352941176472 -0.05882352941176472 -0.05882352941176472 -0.05882352941176472 -0.05882352941176472 -0.05882352941176472 -0.05882352941176472 -0.05882352941176472 -0.05882352941176472 0.9411764705882353 -0.05882352941176472 -0.05882352941176472 
-0.05882352941176472 -0.05882352941176472 -0.05882352941176472 -0.05882352941176472 -0.05882352941176472 -0.05882352941176472 -0.05882352941176472 -0.05882352941176472 -0.05882352941176472 -0.05882352941176472 -0.05882352941176472 -0.05882352941176472 -0.05882352941176472 -0.05882352941176472 0.9411764705882353 -0.05882352941176472 -0.05882352941176472 
-0.05882352941176472 -0.05882352941176472 -0.05882352941176472 -0.05882352941176472 -0.05882352941176472 -0.05882352941176472 -0.05882352941176472 -0.05882352941176472 -0.05882352941176472 -0.05882352941176472 -0.05882352941176472 -0.05882352941176472 -0.05882352941176472 -0.05882352941176472 -0.05882352941176472 0.9411764705882353 -0.05882352941176472 
-0.05882352941176472 -0.05882352941176472 -0.05882352941176472 -0.05882352941176472 -0.05882352941176472 -0.05882352941176472 -0.05882352941176472 -0.05882352941176472 -0.05882352941176472 -0.05882352941176472 -0.05882352941176472 -0.05882352941176472 -0.05882352941176472 -0.05882352941176472 -0.05882352941176472 0.9411764705882353 -0.05882352941176472 
-0.05882352941176472 -0.05882352941176472 -0.05882352941176472 -0.05882352941176472 -0.05882352941176472 -0.05882352941176472 -0.05882352941176472 -0.05882352941176472 -0.05882352941176472 -0.05882352941176472 -0.05882352941176472 -0.05882352941176472 -0.05882352941176472 -0.05882352941176472 -0.05882352941176472 0.9411764705882353 -0.05882352941176472 
-0.02039937832990063 -0.02039937832990063 -0.1412229205514465 -0.02039937832990063 -0.02039937832990063 -0.02039937832990063 -0.02039937832990063 -0.02039937832990063 -0.02039937832990063 -0.02039937832990063 -0.02039937832990063 -0.02039937832990063 -0.02039937832990063 -0.02039937832990063 -0.02039937832990063 -0.02039937832990063 0.4472135954999579 
-0.02039937832990063 -0.02039937832990063 -0.1412229205514465 -0.02039937832990063 -0.02039937832990063 -0.02039937832990063 -0.02039937832990063 -0.02039937832990063 -0.02039937832990063 -0.02039937832990063 -0.02039937832990063 -0.02039937832990063 -0.02039937832990063 -0.02039937832990063 -0.02039937832990063 -0.02039937832990063 0.4472135954999579 
-0.02039937832990063 -0.02039937832990063 -0.1412229205514465 -0.02039937832990063 -0.02039937832990063 -0.02039937832990063 -0.02039937832990063 -0.02039937832990063 -0.02039937832990063 -0.02039937832990063 -0.02039937832990063 -0.02039937832990063 -0.02039937832990063 -0.02039937832990063 -0.02039937832990063 -0.02039937832990063 0.4472135954999579 
-0.02039937832990063 -0.02039937832990063 -0.1412229205514465 -0.02039937832990063 -0.02039937832990063 -0.02039937832990063 -0.02039937832990063 -0.02039937832990063 -0.02039937832990063 -0.02039937832990063 -0.02039937832990063 -0.02039937832990063 -0.02039937832990063 -0.02039937832990063 -0.02039937832990063 -0.02039937832990063 0.4472135954999579 
-0.05882352941176472 -0.05882352941176472 -0.05882352941176472 -0.05882352941176472 -0.05882352941176472 -0.05882352941176472 -0.05882352941176472 -0.05882352941176472 -0.05882352941176472 -0.05882352941176472 -0.05882352941176472 -0.05882352941176472 -0.05882352941176472 -0.05882352941176472 -0.05882352941176472 -0.05882352941176472 0.9411764705882353 
-0.05882352941176472 -0.05882352941176472 -0.05882352941176472 -0.05882352941176472 -0.05882352941176472 -0.05882352941176472 -0.05882352941176472 -0.05882352941176472 -0.05882352941176472 -0.05882352941176472 -0.05882352941176472 -0.05882352941176472 -0.05882352941176472 -0.05882352941176472 -0.05882352941176472 -0.05882352941176472 0.9411764705882353 
-0.05882352941176472 -0.05882352941176472 -0.05882352941176472 -0.05882352941176472 -0.05882352941176472 -0.05882352941176472 -0.05882352941176472 -0.05882352941176472 -0.05882352941176472 -0.05882352941176472 -0.05882352941176472 -0.05882352941176472 -0.05882352941176472 -0.05882352941176472 -0.05882352941176472 -0.05882352941176472 0.9411764705882353 
